{
 "cells": [
  {
   "cell_type": "code",
   "execution_count": 392,
   "metadata": {},
   "outputs": [],
   "source": [
    "import requests\n",
    "import pandas as pd\n",
    "import numpy as np\n",
    "import matplotlib.pyplot as plt\n",
    "import seaborn as sns\n",
    "from scipy.stats import normaltest"
   ]
  },
  {
   "cell_type": "code",
   "execution_count": 393,
   "metadata": {},
   "outputs": [],
   "source": [
    "df=pd.read_csv(\"framingham.csv\")"
   ]
  },
  {
   "cell_type": "code",
   "execution_count": 394,
   "metadata": {},
   "outputs": [
    {
     "data": {
      "text/html": [
       "<div>\n",
       "<style scoped>\n",
       "    .dataframe tbody tr th:only-of-type {\n",
       "        vertical-align: middle;\n",
       "    }\n",
       "\n",
       "    .dataframe tbody tr th {\n",
       "        vertical-align: top;\n",
       "    }\n",
       "\n",
       "    .dataframe thead th {\n",
       "        text-align: right;\n",
       "    }\n",
       "</style>\n",
       "<table border=\"1\" class=\"dataframe\">\n",
       "  <thead>\n",
       "    <tr style=\"text-align: right;\">\n",
       "      <th></th>\n",
       "      <th>male</th>\n",
       "      <th>age</th>\n",
       "      <th>education</th>\n",
       "      <th>currentSmoker</th>\n",
       "      <th>cigsPerDay</th>\n",
       "      <th>BPMeds</th>\n",
       "      <th>prevalentStroke</th>\n",
       "      <th>prevalentHyp</th>\n",
       "      <th>diabetes</th>\n",
       "      <th>totChol</th>\n",
       "      <th>sysBP</th>\n",
       "      <th>diaBP</th>\n",
       "      <th>BMI</th>\n",
       "      <th>heartRate</th>\n",
       "      <th>glucose</th>\n",
       "      <th>TenYearCHD</th>\n",
       "    </tr>\n",
       "  </thead>\n",
       "  <tbody>\n",
       "    <tr>\n",
       "      <th>0</th>\n",
       "      <td>1</td>\n",
       "      <td>39</td>\n",
       "      <td>4.0</td>\n",
       "      <td>0</td>\n",
       "      <td>0.0</td>\n",
       "      <td>0.0</td>\n",
       "      <td>0</td>\n",
       "      <td>0</td>\n",
       "      <td>0</td>\n",
       "      <td>195.0</td>\n",
       "      <td>106.0</td>\n",
       "      <td>70.0</td>\n",
       "      <td>26.97</td>\n",
       "      <td>80.0</td>\n",
       "      <td>77.0</td>\n",
       "      <td>0</td>\n",
       "    </tr>\n",
       "    <tr>\n",
       "      <th>1</th>\n",
       "      <td>0</td>\n",
       "      <td>46</td>\n",
       "      <td>2.0</td>\n",
       "      <td>0</td>\n",
       "      <td>0.0</td>\n",
       "      <td>0.0</td>\n",
       "      <td>0</td>\n",
       "      <td>0</td>\n",
       "      <td>0</td>\n",
       "      <td>250.0</td>\n",
       "      <td>121.0</td>\n",
       "      <td>81.0</td>\n",
       "      <td>28.73</td>\n",
       "      <td>95.0</td>\n",
       "      <td>76.0</td>\n",
       "      <td>0</td>\n",
       "    </tr>\n",
       "    <tr>\n",
       "      <th>2</th>\n",
       "      <td>1</td>\n",
       "      <td>48</td>\n",
       "      <td>1.0</td>\n",
       "      <td>1</td>\n",
       "      <td>20.0</td>\n",
       "      <td>0.0</td>\n",
       "      <td>0</td>\n",
       "      <td>0</td>\n",
       "      <td>0</td>\n",
       "      <td>245.0</td>\n",
       "      <td>127.5</td>\n",
       "      <td>80.0</td>\n",
       "      <td>25.34</td>\n",
       "      <td>75.0</td>\n",
       "      <td>70.0</td>\n",
       "      <td>0</td>\n",
       "    </tr>\n",
       "    <tr>\n",
       "      <th>3</th>\n",
       "      <td>0</td>\n",
       "      <td>61</td>\n",
       "      <td>3.0</td>\n",
       "      <td>1</td>\n",
       "      <td>30.0</td>\n",
       "      <td>0.0</td>\n",
       "      <td>0</td>\n",
       "      <td>1</td>\n",
       "      <td>0</td>\n",
       "      <td>225.0</td>\n",
       "      <td>150.0</td>\n",
       "      <td>95.0</td>\n",
       "      <td>28.58</td>\n",
       "      <td>65.0</td>\n",
       "      <td>103.0</td>\n",
       "      <td>1</td>\n",
       "    </tr>\n",
       "    <tr>\n",
       "      <th>4</th>\n",
       "      <td>0</td>\n",
       "      <td>46</td>\n",
       "      <td>3.0</td>\n",
       "      <td>1</td>\n",
       "      <td>23.0</td>\n",
       "      <td>0.0</td>\n",
       "      <td>0</td>\n",
       "      <td>0</td>\n",
       "      <td>0</td>\n",
       "      <td>285.0</td>\n",
       "      <td>130.0</td>\n",
       "      <td>84.0</td>\n",
       "      <td>23.10</td>\n",
       "      <td>85.0</td>\n",
       "      <td>85.0</td>\n",
       "      <td>0</td>\n",
       "    </tr>\n",
       "  </tbody>\n",
       "</table>\n",
       "</div>"
      ],
      "text/plain": [
       "   male  age  education  currentSmoker  cigsPerDay  BPMeds  prevalentStroke  \\\n",
       "0     1   39        4.0              0         0.0     0.0                0   \n",
       "1     0   46        2.0              0         0.0     0.0                0   \n",
       "2     1   48        1.0              1        20.0     0.0                0   \n",
       "3     0   61        3.0              1        30.0     0.0                0   \n",
       "4     0   46        3.0              1        23.0     0.0                0   \n",
       "\n",
       "   prevalentHyp  diabetes  totChol  sysBP  diaBP    BMI  heartRate  glucose  \\\n",
       "0             0         0    195.0  106.0   70.0  26.97       80.0     77.0   \n",
       "1             0         0    250.0  121.0   81.0  28.73       95.0     76.0   \n",
       "2             0         0    245.0  127.5   80.0  25.34       75.0     70.0   \n",
       "3             1         0    225.0  150.0   95.0  28.58       65.0    103.0   \n",
       "4             0         0    285.0  130.0   84.0  23.10       85.0     85.0   \n",
       "\n",
       "   TenYearCHD  \n",
       "0           0  \n",
       "1           0  \n",
       "2           0  \n",
       "3           1  \n",
       "4           0  "
      ]
     },
     "execution_count": 394,
     "metadata": {},
     "output_type": "execute_result"
    }
   ],
   "source": [
    "df.head()"
   ]
  },
  {
   "cell_type": "code",
   "execution_count": 395,
   "metadata": {},
   "outputs": [
    {
     "data": {
      "text/plain": [
       "TenYearCHD\n",
       "0    3596\n",
       "1     644\n",
       "Name: count, dtype: int64"
      ]
     },
     "execution_count": 395,
     "metadata": {},
     "output_type": "execute_result"
    }
   ],
   "source": [
    "df['TenYearCHD'].value_counts()"
   ]
  },
  {
   "cell_type": "code",
   "execution_count": 396,
   "metadata": {},
   "outputs": [
    {
     "name": "stdout",
     "output_type": "stream",
     "text": [
      "<class 'pandas.core.frame.DataFrame'>\n",
      "RangeIndex: 4240 entries, 0 to 4239\n",
      "Data columns (total 16 columns):\n",
      " #   Column           Non-Null Count  Dtype  \n",
      "---  ------           --------------  -----  \n",
      " 0   male             4240 non-null   int64  \n",
      " 1   age              4240 non-null   int64  \n",
      " 2   education        4135 non-null   float64\n",
      " 3   currentSmoker    4240 non-null   int64  \n",
      " 4   cigsPerDay       4211 non-null   float64\n",
      " 5   BPMeds           4187 non-null   float64\n",
      " 6   prevalentStroke  4240 non-null   int64  \n",
      " 7   prevalentHyp     4240 non-null   int64  \n",
      " 8   diabetes         4240 non-null   int64  \n",
      " 9   totChol          4190 non-null   float64\n",
      " 10  sysBP            4240 non-null   float64\n",
      " 11  diaBP            4240 non-null   float64\n",
      " 12  BMI              4221 non-null   float64\n",
      " 13  heartRate        4239 non-null   float64\n",
      " 14  glucose          3852 non-null   float64\n",
      " 15  TenYearCHD       4240 non-null   int64  \n",
      "dtypes: float64(9), int64(7)\n",
      "memory usage: 530.1 KB\n"
     ]
    }
   ],
   "source": [
    "df.info()"
   ]
  },
  {
   "cell_type": "code",
   "execution_count": 397,
   "metadata": {},
   "outputs": [
    {
     "data": {
      "text/plain": [
       "male                 0\n",
       "age                  0\n",
       "education          105\n",
       "currentSmoker        0\n",
       "cigsPerDay          29\n",
       "BPMeds              53\n",
       "prevalentStroke      0\n",
       "prevalentHyp         0\n",
       "diabetes             0\n",
       "totChol             50\n",
       "sysBP                0\n",
       "diaBP                0\n",
       "BMI                 19\n",
       "heartRate            1\n",
       "glucose            388\n",
       "TenYearCHD           0\n",
       "dtype: int64"
      ]
     },
     "execution_count": 397,
     "metadata": {},
     "output_type": "execute_result"
    }
   ],
   "source": [
    "df.isna().sum()"
   ]
  },
  {
   "cell_type": "code",
   "execution_count": 398,
   "metadata": {},
   "outputs": [],
   "source": [
    "from sklearn.impute import KNNImputer\n",
    "\n",
    "imputer = KNNImputer(n_neighbors=5)\n",
    "df_imputed = imputer.fit_transform(df)\n"
   ]
  },
  {
   "cell_type": "code",
   "execution_count": 399,
   "metadata": {},
   "outputs": [],
   "source": [
    "df_imputed=pd.DataFrame(df_imputed,columns=df.columns)"
   ]
  },
  {
   "cell_type": "code",
   "execution_count": 400,
   "metadata": {},
   "outputs": [
    {
     "data": {
      "text/html": [
       "<div>\n",
       "<style scoped>\n",
       "    .dataframe tbody tr th:only-of-type {\n",
       "        vertical-align: middle;\n",
       "    }\n",
       "\n",
       "    .dataframe tbody tr th {\n",
       "        vertical-align: top;\n",
       "    }\n",
       "\n",
       "    .dataframe thead th {\n",
       "        text-align: right;\n",
       "    }\n",
       "</style>\n",
       "<table border=\"1\" class=\"dataframe\">\n",
       "  <thead>\n",
       "    <tr style=\"text-align: right;\">\n",
       "      <th></th>\n",
       "      <th>male</th>\n",
       "      <th>age</th>\n",
       "      <th>education</th>\n",
       "      <th>currentSmoker</th>\n",
       "      <th>cigsPerDay</th>\n",
       "      <th>BPMeds</th>\n",
       "      <th>prevalentStroke</th>\n",
       "      <th>prevalentHyp</th>\n",
       "      <th>diabetes</th>\n",
       "      <th>totChol</th>\n",
       "      <th>sysBP</th>\n",
       "      <th>diaBP</th>\n",
       "      <th>BMI</th>\n",
       "      <th>heartRate</th>\n",
       "      <th>glucose</th>\n",
       "      <th>TenYearCHD</th>\n",
       "    </tr>\n",
       "  </thead>\n",
       "  <tbody>\n",
       "    <tr>\n",
       "      <th>0</th>\n",
       "      <td>1.0</td>\n",
       "      <td>39.0</td>\n",
       "      <td>4.0</td>\n",
       "      <td>0.0</td>\n",
       "      <td>0.0</td>\n",
       "      <td>0.0</td>\n",
       "      <td>0.0</td>\n",
       "      <td>0.0</td>\n",
       "      <td>0.0</td>\n",
       "      <td>195.0</td>\n",
       "      <td>106.0</td>\n",
       "      <td>70.0</td>\n",
       "      <td>26.97</td>\n",
       "      <td>80.0</td>\n",
       "      <td>77.0</td>\n",
       "      <td>0.0</td>\n",
       "    </tr>\n",
       "    <tr>\n",
       "      <th>1</th>\n",
       "      <td>0.0</td>\n",
       "      <td>46.0</td>\n",
       "      <td>2.0</td>\n",
       "      <td>0.0</td>\n",
       "      <td>0.0</td>\n",
       "      <td>0.0</td>\n",
       "      <td>0.0</td>\n",
       "      <td>0.0</td>\n",
       "      <td>0.0</td>\n",
       "      <td>250.0</td>\n",
       "      <td>121.0</td>\n",
       "      <td>81.0</td>\n",
       "      <td>28.73</td>\n",
       "      <td>95.0</td>\n",
       "      <td>76.0</td>\n",
       "      <td>0.0</td>\n",
       "    </tr>\n",
       "    <tr>\n",
       "      <th>2</th>\n",
       "      <td>1.0</td>\n",
       "      <td>48.0</td>\n",
       "      <td>1.0</td>\n",
       "      <td>1.0</td>\n",
       "      <td>20.0</td>\n",
       "      <td>0.0</td>\n",
       "      <td>0.0</td>\n",
       "      <td>0.0</td>\n",
       "      <td>0.0</td>\n",
       "      <td>245.0</td>\n",
       "      <td>127.5</td>\n",
       "      <td>80.0</td>\n",
       "      <td>25.34</td>\n",
       "      <td>75.0</td>\n",
       "      <td>70.0</td>\n",
       "      <td>0.0</td>\n",
       "    </tr>\n",
       "    <tr>\n",
       "      <th>3</th>\n",
       "      <td>0.0</td>\n",
       "      <td>61.0</td>\n",
       "      <td>3.0</td>\n",
       "      <td>1.0</td>\n",
       "      <td>30.0</td>\n",
       "      <td>0.0</td>\n",
       "      <td>0.0</td>\n",
       "      <td>1.0</td>\n",
       "      <td>0.0</td>\n",
       "      <td>225.0</td>\n",
       "      <td>150.0</td>\n",
       "      <td>95.0</td>\n",
       "      <td>28.58</td>\n",
       "      <td>65.0</td>\n",
       "      <td>103.0</td>\n",
       "      <td>1.0</td>\n",
       "    </tr>\n",
       "    <tr>\n",
       "      <th>4</th>\n",
       "      <td>0.0</td>\n",
       "      <td>46.0</td>\n",
       "      <td>3.0</td>\n",
       "      <td>1.0</td>\n",
       "      <td>23.0</td>\n",
       "      <td>0.0</td>\n",
       "      <td>0.0</td>\n",
       "      <td>0.0</td>\n",
       "      <td>0.0</td>\n",
       "      <td>285.0</td>\n",
       "      <td>130.0</td>\n",
       "      <td>84.0</td>\n",
       "      <td>23.10</td>\n",
       "      <td>85.0</td>\n",
       "      <td>85.0</td>\n",
       "      <td>0.0</td>\n",
       "    </tr>\n",
       "    <tr>\n",
       "      <th>...</th>\n",
       "      <td>...</td>\n",
       "      <td>...</td>\n",
       "      <td>...</td>\n",
       "      <td>...</td>\n",
       "      <td>...</td>\n",
       "      <td>...</td>\n",
       "      <td>...</td>\n",
       "      <td>...</td>\n",
       "      <td>...</td>\n",
       "      <td>...</td>\n",
       "      <td>...</td>\n",
       "      <td>...</td>\n",
       "      <td>...</td>\n",
       "      <td>...</td>\n",
       "      <td>...</td>\n",
       "      <td>...</td>\n",
       "    </tr>\n",
       "    <tr>\n",
       "      <th>4235</th>\n",
       "      <td>0.0</td>\n",
       "      <td>48.0</td>\n",
       "      <td>2.0</td>\n",
       "      <td>1.0</td>\n",
       "      <td>20.0</td>\n",
       "      <td>0.2</td>\n",
       "      <td>0.0</td>\n",
       "      <td>0.0</td>\n",
       "      <td>0.0</td>\n",
       "      <td>248.0</td>\n",
       "      <td>131.0</td>\n",
       "      <td>72.0</td>\n",
       "      <td>22.00</td>\n",
       "      <td>84.0</td>\n",
       "      <td>86.0</td>\n",
       "      <td>0.0</td>\n",
       "    </tr>\n",
       "    <tr>\n",
       "      <th>4236</th>\n",
       "      <td>0.0</td>\n",
       "      <td>44.0</td>\n",
       "      <td>1.0</td>\n",
       "      <td>1.0</td>\n",
       "      <td>15.0</td>\n",
       "      <td>0.0</td>\n",
       "      <td>0.0</td>\n",
       "      <td>0.0</td>\n",
       "      <td>0.0</td>\n",
       "      <td>210.0</td>\n",
       "      <td>126.5</td>\n",
       "      <td>87.0</td>\n",
       "      <td>19.16</td>\n",
       "      <td>86.0</td>\n",
       "      <td>76.8</td>\n",
       "      <td>0.0</td>\n",
       "    </tr>\n",
       "    <tr>\n",
       "      <th>4237</th>\n",
       "      <td>0.0</td>\n",
       "      <td>52.0</td>\n",
       "      <td>2.0</td>\n",
       "      <td>0.0</td>\n",
       "      <td>0.0</td>\n",
       "      <td>0.0</td>\n",
       "      <td>0.0</td>\n",
       "      <td>0.0</td>\n",
       "      <td>0.0</td>\n",
       "      <td>269.0</td>\n",
       "      <td>133.5</td>\n",
       "      <td>83.0</td>\n",
       "      <td>21.47</td>\n",
       "      <td>80.0</td>\n",
       "      <td>107.0</td>\n",
       "      <td>0.0</td>\n",
       "    </tr>\n",
       "    <tr>\n",
       "      <th>4238</th>\n",
       "      <td>1.0</td>\n",
       "      <td>40.0</td>\n",
       "      <td>3.0</td>\n",
       "      <td>0.0</td>\n",
       "      <td>0.0</td>\n",
       "      <td>0.0</td>\n",
       "      <td>0.0</td>\n",
       "      <td>1.0</td>\n",
       "      <td>0.0</td>\n",
       "      <td>185.0</td>\n",
       "      <td>141.0</td>\n",
       "      <td>98.0</td>\n",
       "      <td>25.60</td>\n",
       "      <td>67.0</td>\n",
       "      <td>72.0</td>\n",
       "      <td>0.0</td>\n",
       "    </tr>\n",
       "    <tr>\n",
       "      <th>4239</th>\n",
       "      <td>0.0</td>\n",
       "      <td>39.0</td>\n",
       "      <td>3.0</td>\n",
       "      <td>1.0</td>\n",
       "      <td>30.0</td>\n",
       "      <td>0.0</td>\n",
       "      <td>0.0</td>\n",
       "      <td>0.0</td>\n",
       "      <td>0.0</td>\n",
       "      <td>196.0</td>\n",
       "      <td>133.0</td>\n",
       "      <td>86.0</td>\n",
       "      <td>20.91</td>\n",
       "      <td>85.0</td>\n",
       "      <td>80.0</td>\n",
       "      <td>0.0</td>\n",
       "    </tr>\n",
       "  </tbody>\n",
       "</table>\n",
       "<p>4240 rows × 16 columns</p>\n",
       "</div>"
      ],
      "text/plain": [
       "      male   age  education  currentSmoker  cigsPerDay  BPMeds  \\\n",
       "0      1.0  39.0        4.0            0.0         0.0     0.0   \n",
       "1      0.0  46.0        2.0            0.0         0.0     0.0   \n",
       "2      1.0  48.0        1.0            1.0        20.0     0.0   \n",
       "3      0.0  61.0        3.0            1.0        30.0     0.0   \n",
       "4      0.0  46.0        3.0            1.0        23.0     0.0   \n",
       "...    ...   ...        ...            ...         ...     ...   \n",
       "4235   0.0  48.0        2.0            1.0        20.0     0.2   \n",
       "4236   0.0  44.0        1.0            1.0        15.0     0.0   \n",
       "4237   0.0  52.0        2.0            0.0         0.0     0.0   \n",
       "4238   1.0  40.0        3.0            0.0         0.0     0.0   \n",
       "4239   0.0  39.0        3.0            1.0        30.0     0.0   \n",
       "\n",
       "      prevalentStroke  prevalentHyp  diabetes  totChol  sysBP  diaBP    BMI  \\\n",
       "0                 0.0           0.0       0.0    195.0  106.0   70.0  26.97   \n",
       "1                 0.0           0.0       0.0    250.0  121.0   81.0  28.73   \n",
       "2                 0.0           0.0       0.0    245.0  127.5   80.0  25.34   \n",
       "3                 0.0           1.0       0.0    225.0  150.0   95.0  28.58   \n",
       "4                 0.0           0.0       0.0    285.0  130.0   84.0  23.10   \n",
       "...               ...           ...       ...      ...    ...    ...    ...   \n",
       "4235              0.0           0.0       0.0    248.0  131.0   72.0  22.00   \n",
       "4236              0.0           0.0       0.0    210.0  126.5   87.0  19.16   \n",
       "4237              0.0           0.0       0.0    269.0  133.5   83.0  21.47   \n",
       "4238              0.0           1.0       0.0    185.0  141.0   98.0  25.60   \n",
       "4239              0.0           0.0       0.0    196.0  133.0   86.0  20.91   \n",
       "\n",
       "      heartRate  glucose  TenYearCHD  \n",
       "0          80.0     77.0         0.0  \n",
       "1          95.0     76.0         0.0  \n",
       "2          75.0     70.0         0.0  \n",
       "3          65.0    103.0         1.0  \n",
       "4          85.0     85.0         0.0  \n",
       "...         ...      ...         ...  \n",
       "4235       84.0     86.0         0.0  \n",
       "4236       86.0     76.8         0.0  \n",
       "4237       80.0    107.0         0.0  \n",
       "4238       67.0     72.0         0.0  \n",
       "4239       85.0     80.0         0.0  \n",
       "\n",
       "[4240 rows x 16 columns]"
      ]
     },
     "execution_count": 400,
     "metadata": {},
     "output_type": "execute_result"
    }
   ],
   "source": [
    "df_imputed"
   ]
  },
  {
   "cell_type": "code",
   "execution_count": 401,
   "metadata": {},
   "outputs": [
    {
     "name": "stdout",
     "output_type": "stream",
     "text": [
      "<class 'pandas.core.frame.DataFrame'>\n",
      "RangeIndex: 4240 entries, 0 to 4239\n",
      "Data columns (total 16 columns):\n",
      " #   Column           Non-Null Count  Dtype  \n",
      "---  ------           --------------  -----  \n",
      " 0   male             4240 non-null   float64\n",
      " 1   age              4240 non-null   float64\n",
      " 2   education        4240 non-null   float64\n",
      " 3   currentSmoker    4240 non-null   float64\n",
      " 4   cigsPerDay       4240 non-null   float64\n",
      " 5   BPMeds           4240 non-null   float64\n",
      " 6   prevalentStroke  4240 non-null   float64\n",
      " 7   prevalentHyp     4240 non-null   float64\n",
      " 8   diabetes         4240 non-null   float64\n",
      " 9   totChol          4240 non-null   float64\n",
      " 10  sysBP            4240 non-null   float64\n",
      " 11  diaBP            4240 non-null   float64\n",
      " 12  BMI              4240 non-null   float64\n",
      " 13  heartRate        4240 non-null   float64\n",
      " 14  glucose          4240 non-null   float64\n",
      " 15  TenYearCHD       4240 non-null   float64\n",
      "dtypes: float64(16)\n",
      "memory usage: 530.1 KB\n"
     ]
    }
   ],
   "source": [
    "df_imputed.info()"
   ]
  },
  {
   "cell_type": "code",
   "execution_count": 402,
   "metadata": {},
   "outputs": [
    {
     "data": {
      "text/html": [
       "<div>\n",
       "<style scoped>\n",
       "    .dataframe tbody tr th:only-of-type {\n",
       "        vertical-align: middle;\n",
       "    }\n",
       "\n",
       "    .dataframe tbody tr th {\n",
       "        vertical-align: top;\n",
       "    }\n",
       "\n",
       "    .dataframe thead th {\n",
       "        text-align: right;\n",
       "    }\n",
       "</style>\n",
       "<table border=\"1\" class=\"dataframe\">\n",
       "  <thead>\n",
       "    <tr style=\"text-align: right;\">\n",
       "      <th></th>\n",
       "      <th>male</th>\n",
       "      <th>age</th>\n",
       "      <th>education</th>\n",
       "      <th>currentSmoker</th>\n",
       "      <th>cigsPerDay</th>\n",
       "      <th>BPMeds</th>\n",
       "      <th>prevalentStroke</th>\n",
       "      <th>prevalentHyp</th>\n",
       "      <th>diabetes</th>\n",
       "      <th>totChol</th>\n",
       "      <th>sysBP</th>\n",
       "      <th>diaBP</th>\n",
       "      <th>BMI</th>\n",
       "      <th>heartRate</th>\n",
       "      <th>glucose</th>\n",
       "      <th>TenYearCHD</th>\n",
       "    </tr>\n",
       "  </thead>\n",
       "  <tbody>\n",
       "    <tr>\n",
       "      <th>male</th>\n",
       "      <td>1.000000</td>\n",
       "      <td>-0.029014</td>\n",
       "      <td>0.016944</td>\n",
       "      <td>0.197026</td>\n",
       "      <td>0.316187</td>\n",
       "      <td>-0.053873</td>\n",
       "      <td>-0.004550</td>\n",
       "      <td>0.005853</td>\n",
       "      <td>0.015693</td>\n",
       "      <td>-0.070704</td>\n",
       "      <td>-0.035879</td>\n",
       "      <td>0.058199</td>\n",
       "      <td>0.081794</td>\n",
       "      <td>-0.116809</td>\n",
       "      <td>0.003714</td>\n",
       "      <td>0.088374</td>\n",
       "    </tr>\n",
       "    <tr>\n",
       "      <th>age</th>\n",
       "      <td>-0.029014</td>\n",
       "      <td>1.000000</td>\n",
       "      <td>-0.166567</td>\n",
       "      <td>-0.213662</td>\n",
       "      <td>-0.192796</td>\n",
       "      <td>0.123110</td>\n",
       "      <td>0.057679</td>\n",
       "      <td>0.306799</td>\n",
       "      <td>0.101314</td>\n",
       "      <td>0.262481</td>\n",
       "      <td>0.394053</td>\n",
       "      <td>0.205586</td>\n",
       "      <td>0.137673</td>\n",
       "      <td>-0.012690</td>\n",
       "      <td>0.125176</td>\n",
       "      <td>0.225408</td>\n",
       "    </tr>\n",
       "    <tr>\n",
       "      <th>education</th>\n",
       "      <td>0.016944</td>\n",
       "      <td>-0.166567</td>\n",
       "      <td>1.000000</td>\n",
       "      <td>0.021062</td>\n",
       "      <td>0.010566</td>\n",
       "      <td>-0.009745</td>\n",
       "      <td>-0.035055</td>\n",
       "      <td>-0.081594</td>\n",
       "      <td>-0.037167</td>\n",
       "      <td>-0.023655</td>\n",
       "      <td>-0.129705</td>\n",
       "      <td>-0.062316</td>\n",
       "      <td>-0.138871</td>\n",
       "      <td>-0.054729</td>\n",
       "      <td>-0.035354</td>\n",
       "      <td>-0.053702</td>\n",
       "    </tr>\n",
       "    <tr>\n",
       "      <th>currentSmoker</th>\n",
       "      <td>0.197026</td>\n",
       "      <td>-0.213662</td>\n",
       "      <td>0.021062</td>\n",
       "      <td>1.000000</td>\n",
       "      <td>0.766683</td>\n",
       "      <td>-0.049344</td>\n",
       "      <td>-0.032980</td>\n",
       "      <td>-0.103710</td>\n",
       "      <td>-0.044285</td>\n",
       "      <td>-0.046761</td>\n",
       "      <td>-0.130281</td>\n",
       "      <td>-0.107933</td>\n",
       "      <td>-0.167124</td>\n",
       "      <td>0.062767</td>\n",
       "      <td>-0.058540</td>\n",
       "      <td>0.019448</td>\n",
       "    </tr>\n",
       "    <tr>\n",
       "      <th>cigsPerDay</th>\n",
       "      <td>0.316187</td>\n",
       "      <td>-0.192796</td>\n",
       "      <td>0.010566</td>\n",
       "      <td>0.766683</td>\n",
       "      <td>1.000000</td>\n",
       "      <td>-0.046950</td>\n",
       "      <td>-0.032697</td>\n",
       "      <td>-0.066875</td>\n",
       "      <td>-0.037074</td>\n",
       "      <td>-0.026108</td>\n",
       "      <td>-0.089103</td>\n",
       "      <td>-0.057287</td>\n",
       "      <td>-0.092901</td>\n",
       "      <td>0.075832</td>\n",
       "      <td>-0.060186</td>\n",
       "      <td>0.057766</td>\n",
       "    </tr>\n",
       "    <tr>\n",
       "      <th>BPMeds</th>\n",
       "      <td>-0.053873</td>\n",
       "      <td>0.123110</td>\n",
       "      <td>-0.009745</td>\n",
       "      <td>-0.049344</td>\n",
       "      <td>-0.046950</td>\n",
       "      <td>1.000000</td>\n",
       "      <td>0.114189</td>\n",
       "      <td>0.261062</td>\n",
       "      <td>0.054390</td>\n",
       "      <td>0.080692</td>\n",
       "      <td>0.255033</td>\n",
       "      <td>0.193474</td>\n",
       "      <td>0.101610</td>\n",
       "      <td>0.015725</td>\n",
       "      <td>0.049260</td>\n",
       "      <td>0.089778</td>\n",
       "    </tr>\n",
       "    <tr>\n",
       "      <th>prevalentStroke</th>\n",
       "      <td>-0.004550</td>\n",
       "      <td>0.057679</td>\n",
       "      <td>-0.035055</td>\n",
       "      <td>-0.032980</td>\n",
       "      <td>-0.032697</td>\n",
       "      <td>0.114189</td>\n",
       "      <td>1.000000</td>\n",
       "      <td>0.074791</td>\n",
       "      <td>0.006955</td>\n",
       "      <td>0.000070</td>\n",
       "      <td>0.057000</td>\n",
       "      <td>0.045153</td>\n",
       "      <td>0.025822</td>\n",
       "      <td>-0.017680</td>\n",
       "      <td>0.017372</td>\n",
       "      <td>0.061823</td>\n",
       "    </tr>\n",
       "    <tr>\n",
       "      <th>prevalentHyp</th>\n",
       "      <td>0.005853</td>\n",
       "      <td>0.306799</td>\n",
       "      <td>-0.081594</td>\n",
       "      <td>-0.103710</td>\n",
       "      <td>-0.066875</td>\n",
       "      <td>0.261062</td>\n",
       "      <td>0.074791</td>\n",
       "      <td>1.000000</td>\n",
       "      <td>0.077752</td>\n",
       "      <td>0.163599</td>\n",
       "      <td>0.696656</td>\n",
       "      <td>0.615840</td>\n",
       "      <td>0.301537</td>\n",
       "      <td>0.146906</td>\n",
       "      <td>0.088794</td>\n",
       "      <td>0.177458</td>\n",
       "    </tr>\n",
       "    <tr>\n",
       "      <th>diabetes</th>\n",
       "      <td>0.015693</td>\n",
       "      <td>0.101314</td>\n",
       "      <td>-0.037167</td>\n",
       "      <td>-0.044285</td>\n",
       "      <td>-0.037074</td>\n",
       "      <td>0.054390</td>\n",
       "      <td>0.006955</td>\n",
       "      <td>0.077752</td>\n",
       "      <td>1.000000</td>\n",
       "      <td>0.040322</td>\n",
       "      <td>0.111265</td>\n",
       "      <td>0.050260</td>\n",
       "      <td>0.087023</td>\n",
       "      <td>0.048971</td>\n",
       "      <td>0.601261</td>\n",
       "      <td>0.097344</td>\n",
       "    </tr>\n",
       "    <tr>\n",
       "      <th>totChol</th>\n",
       "      <td>-0.070704</td>\n",
       "      <td>0.262481</td>\n",
       "      <td>-0.023655</td>\n",
       "      <td>-0.046761</td>\n",
       "      <td>-0.026108</td>\n",
       "      <td>0.080692</td>\n",
       "      <td>0.000070</td>\n",
       "      <td>0.163599</td>\n",
       "      <td>0.040322</td>\n",
       "      <td>1.000000</td>\n",
       "      <td>0.208768</td>\n",
       "      <td>0.164461</td>\n",
       "      <td>0.115897</td>\n",
       "      <td>0.090547</td>\n",
       "      <td>0.044237</td>\n",
       "      <td>0.082070</td>\n",
       "    </tr>\n",
       "    <tr>\n",
       "      <th>sysBP</th>\n",
       "      <td>-0.035879</td>\n",
       "      <td>0.394053</td>\n",
       "      <td>-0.129705</td>\n",
       "      <td>-0.130281</td>\n",
       "      <td>-0.089103</td>\n",
       "      <td>0.255033</td>\n",
       "      <td>0.057000</td>\n",
       "      <td>0.696656</td>\n",
       "      <td>0.111265</td>\n",
       "      <td>0.208768</td>\n",
       "      <td>1.000000</td>\n",
       "      <td>0.783952</td>\n",
       "      <td>0.326657</td>\n",
       "      <td>0.182242</td>\n",
       "      <td>0.143997</td>\n",
       "      <td>0.216374</td>\n",
       "    </tr>\n",
       "    <tr>\n",
       "      <th>diaBP</th>\n",
       "      <td>0.058199</td>\n",
       "      <td>0.205586</td>\n",
       "      <td>-0.062316</td>\n",
       "      <td>-0.107933</td>\n",
       "      <td>-0.057287</td>\n",
       "      <td>0.193474</td>\n",
       "      <td>0.045153</td>\n",
       "      <td>0.615840</td>\n",
       "      <td>0.050260</td>\n",
       "      <td>0.164461</td>\n",
       "      <td>0.783952</td>\n",
       "      <td>1.000000</td>\n",
       "      <td>0.377523</td>\n",
       "      <td>0.180950</td>\n",
       "      <td>0.064270</td>\n",
       "      <td>0.145112</td>\n",
       "    </tr>\n",
       "    <tr>\n",
       "      <th>BMI</th>\n",
       "      <td>0.081794</td>\n",
       "      <td>0.137673</td>\n",
       "      <td>-0.138871</td>\n",
       "      <td>-0.167124</td>\n",
       "      <td>-0.092901</td>\n",
       "      <td>0.101610</td>\n",
       "      <td>0.025822</td>\n",
       "      <td>0.301537</td>\n",
       "      <td>0.087023</td>\n",
       "      <td>0.115897</td>\n",
       "      <td>0.326657</td>\n",
       "      <td>0.377523</td>\n",
       "      <td>1.000000</td>\n",
       "      <td>0.067871</td>\n",
       "      <td>0.089568</td>\n",
       "      <td>0.075809</td>\n",
       "    </tr>\n",
       "    <tr>\n",
       "      <th>heartRate</th>\n",
       "      <td>-0.116809</td>\n",
       "      <td>-0.012690</td>\n",
       "      <td>-0.054729</td>\n",
       "      <td>0.062767</td>\n",
       "      <td>0.075832</td>\n",
       "      <td>0.015725</td>\n",
       "      <td>-0.017680</td>\n",
       "      <td>0.146906</td>\n",
       "      <td>0.048971</td>\n",
       "      <td>0.090547</td>\n",
       "      <td>0.182242</td>\n",
       "      <td>0.180950</td>\n",
       "      <td>0.067871</td>\n",
       "      <td>1.000000</td>\n",
       "      <td>0.093770</td>\n",
       "      <td>0.023101</td>\n",
       "    </tr>\n",
       "    <tr>\n",
       "      <th>glucose</th>\n",
       "      <td>0.003714</td>\n",
       "      <td>0.125176</td>\n",
       "      <td>-0.035354</td>\n",
       "      <td>-0.058540</td>\n",
       "      <td>-0.060186</td>\n",
       "      <td>0.049260</td>\n",
       "      <td>0.017372</td>\n",
       "      <td>0.088794</td>\n",
       "      <td>0.601261</td>\n",
       "      <td>0.044237</td>\n",
       "      <td>0.143997</td>\n",
       "      <td>0.064270</td>\n",
       "      <td>0.089568</td>\n",
       "      <td>0.093770</td>\n",
       "      <td>1.000000</td>\n",
       "      <td>0.123270</td>\n",
       "    </tr>\n",
       "    <tr>\n",
       "      <th>TenYearCHD</th>\n",
       "      <td>0.088374</td>\n",
       "      <td>0.225408</td>\n",
       "      <td>-0.053702</td>\n",
       "      <td>0.019448</td>\n",
       "      <td>0.057766</td>\n",
       "      <td>0.089778</td>\n",
       "      <td>0.061823</td>\n",
       "      <td>0.177458</td>\n",
       "      <td>0.097344</td>\n",
       "      <td>0.082070</td>\n",
       "      <td>0.216374</td>\n",
       "      <td>0.145112</td>\n",
       "      <td>0.075809</td>\n",
       "      <td>0.023101</td>\n",
       "      <td>0.123270</td>\n",
       "      <td>1.000000</td>\n",
       "    </tr>\n",
       "  </tbody>\n",
       "</table>\n",
       "</div>"
      ],
      "text/plain": [
       "                     male       age  education  currentSmoker  cigsPerDay  \\\n",
       "male             1.000000 -0.029014   0.016944       0.197026    0.316187   \n",
       "age             -0.029014  1.000000  -0.166567      -0.213662   -0.192796   \n",
       "education        0.016944 -0.166567   1.000000       0.021062    0.010566   \n",
       "currentSmoker    0.197026 -0.213662   0.021062       1.000000    0.766683   \n",
       "cigsPerDay       0.316187 -0.192796   0.010566       0.766683    1.000000   \n",
       "BPMeds          -0.053873  0.123110  -0.009745      -0.049344   -0.046950   \n",
       "prevalentStroke -0.004550  0.057679  -0.035055      -0.032980   -0.032697   \n",
       "prevalentHyp     0.005853  0.306799  -0.081594      -0.103710   -0.066875   \n",
       "diabetes         0.015693  0.101314  -0.037167      -0.044285   -0.037074   \n",
       "totChol         -0.070704  0.262481  -0.023655      -0.046761   -0.026108   \n",
       "sysBP           -0.035879  0.394053  -0.129705      -0.130281   -0.089103   \n",
       "diaBP            0.058199  0.205586  -0.062316      -0.107933   -0.057287   \n",
       "BMI              0.081794  0.137673  -0.138871      -0.167124   -0.092901   \n",
       "heartRate       -0.116809 -0.012690  -0.054729       0.062767    0.075832   \n",
       "glucose          0.003714  0.125176  -0.035354      -0.058540   -0.060186   \n",
       "TenYearCHD       0.088374  0.225408  -0.053702       0.019448    0.057766   \n",
       "\n",
       "                   BPMeds  prevalentStroke  prevalentHyp  diabetes   totChol  \\\n",
       "male            -0.053873        -0.004550      0.005853  0.015693 -0.070704   \n",
       "age              0.123110         0.057679      0.306799  0.101314  0.262481   \n",
       "education       -0.009745        -0.035055     -0.081594 -0.037167 -0.023655   \n",
       "currentSmoker   -0.049344        -0.032980     -0.103710 -0.044285 -0.046761   \n",
       "cigsPerDay      -0.046950        -0.032697     -0.066875 -0.037074 -0.026108   \n",
       "BPMeds           1.000000         0.114189      0.261062  0.054390  0.080692   \n",
       "prevalentStroke  0.114189         1.000000      0.074791  0.006955  0.000070   \n",
       "prevalentHyp     0.261062         0.074791      1.000000  0.077752  0.163599   \n",
       "diabetes         0.054390         0.006955      0.077752  1.000000  0.040322   \n",
       "totChol          0.080692         0.000070      0.163599  0.040322  1.000000   \n",
       "sysBP            0.255033         0.057000      0.696656  0.111265  0.208768   \n",
       "diaBP            0.193474         0.045153      0.615840  0.050260  0.164461   \n",
       "BMI              0.101610         0.025822      0.301537  0.087023  0.115897   \n",
       "heartRate        0.015725        -0.017680      0.146906  0.048971  0.090547   \n",
       "glucose          0.049260         0.017372      0.088794  0.601261  0.044237   \n",
       "TenYearCHD       0.089778         0.061823      0.177458  0.097344  0.082070   \n",
       "\n",
       "                    sysBP     diaBP       BMI  heartRate   glucose  TenYearCHD  \n",
       "male            -0.035879  0.058199  0.081794  -0.116809  0.003714    0.088374  \n",
       "age              0.394053  0.205586  0.137673  -0.012690  0.125176    0.225408  \n",
       "education       -0.129705 -0.062316 -0.138871  -0.054729 -0.035354   -0.053702  \n",
       "currentSmoker   -0.130281 -0.107933 -0.167124   0.062767 -0.058540    0.019448  \n",
       "cigsPerDay      -0.089103 -0.057287 -0.092901   0.075832 -0.060186    0.057766  \n",
       "BPMeds           0.255033  0.193474  0.101610   0.015725  0.049260    0.089778  \n",
       "prevalentStroke  0.057000  0.045153  0.025822  -0.017680  0.017372    0.061823  \n",
       "prevalentHyp     0.696656  0.615840  0.301537   0.146906  0.088794    0.177458  \n",
       "diabetes         0.111265  0.050260  0.087023   0.048971  0.601261    0.097344  \n",
       "totChol          0.208768  0.164461  0.115897   0.090547  0.044237    0.082070  \n",
       "sysBP            1.000000  0.783952  0.326657   0.182242  0.143997    0.216374  \n",
       "diaBP            0.783952  1.000000  0.377523   0.180950  0.064270    0.145112  \n",
       "BMI              0.326657  0.377523  1.000000   0.067871  0.089568    0.075809  \n",
       "heartRate        0.182242  0.180950  0.067871   1.000000  0.093770    0.023101  \n",
       "glucose          0.143997  0.064270  0.089568   0.093770  1.000000    0.123270  \n",
       "TenYearCHD       0.216374  0.145112  0.075809   0.023101  0.123270    1.000000  "
      ]
     },
     "execution_count": 402,
     "metadata": {},
     "output_type": "execute_result"
    }
   ],
   "source": [
    "df_imputed.corr()"
   ]
  },
  {
   "cell_type": "code",
   "execution_count": 403,
   "metadata": {},
   "outputs": [
    {
     "data": {
      "text/plain": [
       "0"
      ]
     },
     "execution_count": 403,
     "metadata": {},
     "output_type": "execute_result"
    }
   ],
   "source": [
    "df_imputed.duplicated().sum()"
   ]
  },
  {
   "cell_type": "code",
   "execution_count": 404,
   "metadata": {},
   "outputs": [
    {
     "name": "stdout",
     "output_type": "stream",
     "text": [
      "male NormaltestResult(statistic=15599.754339953055, pvalue=0.0)\n",
      "age NormaltestResult(statistic=944.8456031386911, pvalue=6.751249422787796e-206)\n",
      "education NormaltestResult(statistic=482.62781042418146, pvalue=1.580165442948609e-105)\n",
      "currentSmoker NormaltestResult(statistic=14793.681158298117, pvalue=0.0)\n",
      "cigsPerDay NormaltestResult(statistic=782.1766048832455, pvalue=1.4207194061403167e-170)\n",
      "BPMeds NormaltestResult(statistic=4449.970918086955, pvalue=0.0)\n",
      "prevalentStroke NormaltestResult(statistic=7504.834522713923, pvalue=0.0)\n",
      "prevalentHyp NormaltestResult(statistic=44841.09918047329, pvalue=0.0)\n",
      "diabetes NormaltestResult(statistic=4705.633600359139, pvalue=0.0)\n",
      "totChol NormaltestResult(statistic=818.0947801709981, pvalue=2.2541128196335754e-178)\n",
      "sysBP NormaltestResult(statistic=830.7521119247745, pvalue=4.022267786372565e-181)\n",
      "diaBP NormaltestResult(statistic=409.9269479984704, pvalue=9.67150922534752e-90)\n",
      "BMI NormaltestResult(statistic=761.327767651511, pvalue=4.7838306236021607e-166)\n",
